# Created by Octave 3.6.4, Fri May 09 23:12:25 2014 CEST <matael@zaphod>
# name: stuff
# type: complex matrix
# rows: 1
# columns: 1001
 (1,0) (0.9999914012597625,-0.004121611393408246) (0.9999656051676618,-0.008243153057944227) (0.9999226121095309,-0.01236455526553867) (0.9998624227284213,-0.01648574828972824) (0.9997850379245967,-0.02060666240645852) (0.9996904588555248,-0.02472722789488688) (0.9995786869358662,-0.02884737503818534) (0.9994497238374621,-0.03296703412434333) (0.9993035714893181,-0.03708613544697042) (0.9991402320775867,-0.04120460930609883) (0.9989597080455472,-0.04532238600898603) (0.9987620020935829,-0.04943939587091704) (0.9985471171791556,-0.05355556921600661) (0.9983150565167799,-0.05767083637800133) (0.9980658235779919,-0.06178512770108159) (0.9977994220913177,-0.06589837354066314) (0.9975158560422389,-0.07001050426419876) (0.9972151296731567,-0.07412145025197965) (0.9968972474833505,-0.07823114189793608) (0.9965622142289393,-0.08233950961043894) (0.996210034922835,-0.08644648381309972) (0.9958407148346982,-0.09055199494557122) (0.9954542594908884,-0.09465597346434743) (0.9950506746744141,-0.09875834984356351) (0.9946299664248783,-0.102859054575795) (0.9941921410384238,-0.1069580181728572) (0.9937372050676739,-0.1110551711666038) (0.9932651653216747,-0.1151504441097254) (0.9927760288658291,-0.1192437675765477) (0.9922698030218341,-0.1233350721638293) (0.9917464953676124,-0.1274242884915587) (0.9912061137372431,-0.1315113472037516) (0.9906486662208894,-0.1355961789692474) (0.9900741611647249,-0.1396787144825048) (0.9894826071708563,-0.1437588844643983) (0.988874013097244,-0.1478366196630126) (0.9882483880576218,-0.1519118508544378) (0.9876057414214133,-0.1559845088435634) (0.986946082813645,-0.1600545244648724) (0.9862694221148587,-0.1641218285832337) (0.9855757694610211,-0.1681863520946959) (0.9848651352434309,-0.1722480259272788) (0.9841375301086234,-0.1763067810417646) (0.9833929649582736,-0.1803625484324902) (0.9826314509490961,-0.1844152591281364) (0.9818529994927436,-0.1884648441925183) (0.9810576222557024,-0.1925112347253748) (0.9802453311591859,-0.1965543618631563) (0.9794161383790261,-0.2005941567798142) (0.9785700563455627,-0.2046305506875866) (0.9777070977435294,-0.208663474837786) (0.9768272755119392,-0.2126928605215852) (0.9759306028439656,-0.2167186390708022) (0.9750170931868241,-0.2207407418586851) (0.9740867602416485,-0.224759100300696) (0.973139617963368,-0.2287736458552939) (0.9721756805605796,-0.2327843100247175) (0.971194962495419,-0.2367910243557664) (0.9701974784834313,-0.2407937204405824) (0.9691832434934361,-0.2447923299174292) (0.9681522727473929,-0.2487867844714719) (0.9671045817202635,-0.2527770158355555) (0.9660401861398721,-0.2567629557909825) (0.9649591019867633,-0.2607445361682895) (0.9638613454940584,-0.2647216888480236) (0.9627469331473094,-0.2686943457615169) (0.9616158816843501,-0.2726624388916615) (0.9604682080951453,-0.2766259002736816) (0.9593039296216394,-0.2805846619959073) (0.9581230637576006,-0.2845386562005449) (0.9569256282484648,-0.2884878150844483) (0.955711641091176,-0.2924320708998879) (0.954481120534026,-0.2963713559553196) (0.95323408507649,-0.3003056026161528) (0.9519705534690629,-0.3042347433055159) (0.9506905447130914,-0.3081587105050236) (0.9493940780606043,-0.3120774367555398) (0.9480811730141415,-0.3159908546579429) (0.9467518493265804,-0.319898896873887) (0.9454061270009609,-0.323801496126564) (0.944044026290307,-0.3276985852014641) (0.9426655676974481,-0.3315900969471357) (0.941270771974837,-0.3354759642759421) (0.9398596601243666,-0.3393561201648201) (0.9384322533971846,-0.3432304976560355) (0.9369885732935054,-0.3470990298579382) (0.9355286415624212,-0.3509616499457158) (0.9340524802017105,-0.3548182911621462) (0.9325601114576447,-0.3586688868183491) (0.9310515578247922,-0.3625133702945359) (0.9295268420458226,-0.3663516750407593) (0.9279859871113063,-0.3701837345776611) (0.9264290162595139,-0.374009482497218) (0.9248559529762134,-0.377828852463488) (0.9232668209944657,-0.3816417782133536) (0.9216616442944164,-0.385448193557265) (0.9200404471030895,-0.3892480323799822) (0.9184032538941759,-0.3930412286413142) (0.9167500893878204,-0.3968277163768592) (0.9150809785504093,-0.4006074296987407) (0.9133959465943533,-0.4043803027963452) (0.9116950189778705,-0.4081462699370566) (0.9099782214047668,-0.4119052654669897) (0.9082455798242146,-0.4156572238117226) (0.9064971204305307,-0.4194020794770278) (0.9047328696629494,-0.4231397670496013) (0.9029528542053992,-0.4268702211977907) (0.9011571009862717,-0.4305933766723219) (0.8993456371781935,-0.4343091683070245) (0.8975184901977948,-0.4380175310195556) (0.8956756877054747,-0.4417183998121214) (0.8938172576051674,-0.4454117097721988) (0.8919432280441056,-0.4490973960732548) (0.8900536274125821,-0.4527753939754632) (0.88814848434371,-0.4564456388264231) (0.8862278277131814,-0.4601080660618714) (0.8842916866390242,-0.4637626112063976) (0.882340090481358,-0.467409209874155) (0.8803730688421473,-0.4710477977695707) (0.8783906515649538,-0.4746783106880552) (0.8763928687346884,-0.4783006845167083) (0.8743797506773587,-0.4819148552350251) (0.8723513279598183,-0.4855207589155998) (0.8703076313895119,-0.4891183317248276) (0.8682486920142209,-0.4927075099236065) (0.8661745411218064,-0.4962882298680343) (0.864085210239951,-0.4998604280101074) (0.8619807311358995,-0.503424040898416) (0.8598611358161985,-0.5069790051788381) (0.8577264565264329,-0.5105252575952314) (0.8555767257509634,-0.5140627349901243) (0.8534119762126608,-0.517591374305405) (0.8512322408726402,-0.5211111125830076) (0.8490375529299924,-0.5246218869655982) (0.8468279458215168,-0.528123634697259) (0.8446034532214488,-0.5316162931241691) (0.8423641090411901,-0.5350997996952852) (0.8401099474290354,-0.53857409196302) (0.8378410027698983,-0.542039107583918) (0.8355573096850359,-0.5454947843193322) (0.833258903031774,-0.5489410600360933) (0.830945817903227,-0.5523778727071851) (0.8286180896280216,-0.55580516041241) (0.8262757537700163,-0.5592228613390595) (0.8239188461280196,-0.5626309137825771) (0.8215474027355095,-0.5660292561472234) (0.8191614598603493,-0.5694178269467374) (0.8167610540045046,-0.5727965648049964) (0.8143462219037569,-0.576165408456674) (0.8119170005274192,-0.579524296747896) (0.8094734270780469,-0.5828731686368946) (0.8070155389911516,-0.5862119631946601) (0.8045433739349112,-0.589540619605592) (0.8020569698098799,-0.5928590771681463) (0.7995563647486985,-0.5961672752954823) (0.7970415971158012,-0.5994651535161066) (0.7945127055071244,-0.6027526514745154) (0.7919697287498123,-0.6060297089318349) (0.7894127059019245,-0.6092962657664598) (0.786841676252139,-0.6125522619746883) (0.784256679319458,-0.6157976376713582) (0.7816577548529109,-0.6190323330904772) (0.7790449428312576,-0.6222562885858542) (0.7764182834626905,-0.6254694446317272) (0.7737778171845359,-0.628671741823388) (0.7711235846629557,-0.6318631208778079) (0.7684556267926469,-0.635043522634258) (0.765773984696542,-0.6382128880549296) (0.7630786997255075,-0.6413711582255515) (0.7603698134580432,-0.6445182743560049) (0.7576473676999803,-0.6476541777809383) (0.754911404484179,-0.6507788099603758) (0.7521619660702259,-0.6538921124803294) (0.7493990949441303,-0.6569940270534034) (0.7466228338180213,-0.6600844955193994) (0.7438332256298437,-0.6631634598459193) (0.741030313543053,-0.6662308621289661) (0.738214140946313,-0.6692866445935394) (0.7353847514531873,-0.672330749594235) (0.7325421889018381,-0.6753631196158353) (0.7296864973547182,-0.6783836972739024) (0.7268177210982664,-0.6813924253153664) (0.7239359046426015,-0.6843892466191127) (0.7210410927212174,-0.687374104196567) (0.7181333302906757,-0.6903469411922772) (0.7152126625303008,-0.693307700884493) (0.7122791348418732,-0.6962563266857456) (0.7093327928493245,-0.6991927621434203) (0.7063736823984291,-0.7021169509403332) (0.7034018495565009,-0.7050288368952996) (0.7004173406120854,-0.7079283639637032) (0.6974202020746547,-0.7108154762380633) 