# Created by Octave 3.6.4, Fri May 09 23:12:40 2014 CEST <matael@zaphod>
# name: stuff
# type: complex matrix
# rows: 1
# columns: 1001
 (1,0) (0.9937393141747107,-0.111040217012761) (0.9750504885770696,-0.2206246504473767) (0.944210176298008,-0.3273263693951645) (0.901669592734777,-0.4297745059187758) (0.8480406104404851,-0.5266783670124652) (0.784077977541369,-0.616847336447801) (0.7106590796929565,-0.699205905517549) (0.6287627432351593,-0.7728036654260165) (0.5394484858826689,-0.8368205664657391) (0.4438373870193154,-0.8905681456103302) (0.3430954137290436,-0.9334877068243118) (0.2384196488665573,-0.9651465885103033) (0.1310274701940855,-0.9852336691398036) (0.02214836452129362,-0.9935551580751669) (-0.08698224193047301,-0.990031515500928) (-0.1951279754751968,-0.9746960691322779) (-0.3010562921562637,-0.9476955730186356) (-0.4035440260863184,-0.9092926121081852) (-0.5013846152260261,-0.8598694217386443) (-0.5933977322766276,-0.7999323905425741) (-0.6784417799294058,-0.730116275596624) (-0.7554293680976437,-0.6511870069421514) (-0.8233455017956519,-0.5640419191526916) (-0.8812678077868971,-0.4697063380621779) (-0.928387760239283,-0.3693256770867359) (-0.9640315788677617,-0.2641525493860328) (-0.9876793131245319,-0.1555288498317567) (-0.9989806272102678,-0.04486325624576275) (-0.9977659775031427,0.06639491902171162) (-0.9840522153384849,0.1767841944310442) (-0.9580421162234315,0.2848601058389386) (-0.9201178719532468,0.3892234346089652) (-0.8708291130721827,0.4885459055388912) (-0.8108764847975963,0.5815920664225755) (-0.7410921223596383,0.6672364772753822) (-0.662418526877972,0.7444758258019842) (-0.5758873223805865,0.8124360803264796) (-0.4825991955245899,0.8703752314765928) (-0.3837060181623372,0.9176825130965682) (-0.2803957757003736,0.9538752037101912) (-0.173880519675064,0.9785941839862436) (-0.06538717470817189,0.9915993706233156) (0.04384930717856334,0.9927659814936834) (0.1525912131136616,0.982082335519427) (0.2596026943237798,0.9596495806450256) (0.363654755642811,0.9256834016074343) (0.4635315803134864,0.8805174127579067) (0.5580390225447311,0.8246076167718076) (0.6460158655216464,0.7585370351410972) (0.7263481243541668,0.6830194187778427) (0.797986293609721,0.5989008535297323) (0.8599650296189499,0.5071581078913576) (0.9114243605557789,0.4088927410787703) (0.951631181093323,0.3053202964535595) (0.9799995627216217,0.197754326624448) (0.9961083374126223,0.0875854909156186) (0.999714516210042,-0.02374352518971977) (0.9907613860868115,-0.1347660632227484) (0.9693805607661369,-0.2440209750533617) (0.9358877912602624,-0.3500818267400483) (0.8907728992936631,-0.4515841422933807) (0.8346847061202821,-0.547249227737571) (0.7684122236804047,-0.6359034950353074) (0.6928636078733096,-0.7164926864548111) (0.6090444251010732,-0.7880909151550083) (0.5180366608758515,-0.8499049206320327) (0.4209796336888739,-0.9012743334060763) (0.3190536135717188,-0.9416690154488049) (0.2134665331970209,-0.9706846751228354) (0.1054437676555359,-0.9880379497336176) (-0.003779413051624312,-0.9935620206141796) (-0.1129634176853122,-0.9872035985900357) (-0.2208688465185456,-0.969021818923505) (-0.3262609695992901,-0.9391892422980922) (-0.4279152043732539,-0.8979947995060784) (-0.5246245269311601,-0.8458481694859198) (-0.6152095483882425,-0.783284771079711) (-0.6985316918571506,-0.7109703071731058) (-0.773509534288237,-0.6297036545452718) (-0.8391379596138889,-0.5404168696976612) (-0.8945093446798583,-0.4441711984573529) (-0.9388356161083505,-0.3421482402756363) (-0.9714697273590803,-0.2356358133521491) (-0.9919249596790399,-0.126008559119471) (-0.999890483384381,-0.01470385921044888) (-0.9952418390120876,0.09680585406947922) (-0.9780453944708655,0.2070429034914082) (-0.9485563584940565,0.3145545498354952) (-0.907210513764895,0.4179417639406945) (-0.8546103954106405,0.5158849588154339) (-0.7915071061525442,0.6071653953042712) (-0.7187792695921422,0.6906814488056504) (-0.637410745999631,0.765459461055949) (-0.5484686685360181,0.8306594275854973) (-0.4530831267884929,0.8855762245705459) (-0.352429472373236,0.929637412596681) (-0.2477138006461558,0.9623988449368757) (-0.1401617254021172,0.9835393504538333) (-0.03101015489657865,0.9928556684532723) (0.07849856784300929,0.9902586074482637) (0.1871210559268059,0.9757711095880529) (0.2936168533185491,0.9495285564494504) (0.3967530939217039,0.9117812784714501) (0.4953108817397941,0.8628988575261313) (0.5880942547809209,0.8033754684353204) (0.6739423182921405,0.7338352204849321) (0.7517447676643734,0.6550362650120765) (0.8204605932531219,0.567872359550708) (0.8791393058349893,0.4733706467182672) (0.9269435913104868,0.3726846291164734) (0.9631719527301633,0.2670816940176656) (0.9872796824828423,0.1579250349154327) (0.9988964724152711,0.04665037932066089) (0.9978391379639638,-0.06526150677547614) (0.9841182974090881,-0.1763150860292437) (0.9579383698434509,-0.2850313077648915) (0.919690867965683,-0.3899779518871758) (0.8699415800315026,-0.4897972547617253) (0.8094127735752914,-0.5832293241284751) (0.7389619408093782,-0.6691303226735269) (0.6595587977488849,-0.7464849631033836) (0.5722622344909634,-0.8144134322772335) (0.4781987120504288,-0.8721733751874229) (0.3785432544757447,-0.9191579656699225) (0.2745037490873062,-0.9548913370550793) (0.1673087999751758,-0.9790227331135534) (0.0581989313431374,-0.9913206772692549) (-0.05157945220609918,-0.9916682685858698) (-0.1607782439952841,-0.9800604254235072) (-0.2681510462897184,-0.9566035425998813) (-0.372456992996285,-0.9215176353910528) (-0.4724661300644578,-0.8751406428615399) (-0.5669673486526626,-0.817934183155918) (-0.6547796019383977,-0.7504897254976503) (-0.7347667710930782,-0.6735339007409181) (-0.8058561020170086,-0.5879315477632029) (-0.8670596477826182,-0.4946851162022708) (-0.9174976719231982,-0.394929236025729) (-0.9564225548164895,-0.2899196222802806) (-0.983241462569088,-0.1810159860873442) (-0.9975359400302468,-0.06965922092683575) (-0.9990767111765331,0.04265624635395782) (-0.9878323140165075,0.1544134937289954) (-0.9639707295826261,0.2641056768601688) (-0.9278538177173077,0.3702680876674785) (-0.8800250553877661,0.471507702030875) (-0.821191689239241,0.566528511771715) (-0.7522028785715537,0.6541514207387596) (-0.674025661301631,0.7333280874686847) (-0.587720603317323,0.803148729661038) (-0.494418806448385,0.8628444847881549) (-0.3953015959433333,0.911785380467237) (-0.2915837451229535,0.9494752671260925) (-0.1845005868786267,0.9755451899439286) (-0.07529886668261425,0.9897466353525163) (0.03476924469764921,0.9919459030790125) (0.1444499068701367,0.9821205590961851) (0.2524902985095657,0.9603585511688375) (0.3576415197486428,0.9268601490346023) (0.4586629792372164,0.881942436150204) (0.5543293998818271,0.8260456598087562) (0.643441315817247,0.7597403737232786) (0.7248395568211941,0.6837340174447575) (0.7974237456836915,0.5988754078112046) (0.8601743042186719,0.5061556043706413) (0.9121769262711776,0.406703779361557) (0.952647996847355,0.3017770810854835) (0.9809590874804418,0.1927440086586844) (0.9966585054251871,0.0810614666564253) (0.9994879638336073,-0.03175363812437933) (0.9893927830049258,-0.1441567554737726) (0.9665245982346686,-0.2546100159708494) (0.9312362659100791,-0.3616162751058261) (0.8840694249861522,-0.4637506534071973) (0.8257358742295349,-0.5596876449135055) (0.7570944668780293,-0.6482223890085563) (0.6791255346718125,-0.7282853663376591) (0.592904905277488,-0.7989504879360322) (0.4995793859557097,-0.8594372007684893) (0.4003452007156615,-0.9091077554551927) (0.2964303566915527,-0.9474611254155749) (0.1890813512941454,-0.9741252144634949) (0.07955408056277305,-0.9888489516004305) (-0.03089167779929998,-0.9914956744400799) (-0.140995221227408,-0.982038881855122) (-0.2494966018195662,-0.9605610289881935) (-0.3551384491832029,-0.9272555783812759) (-0.4566693587265508,-0.8824320417702687) (-0.5528501303302887,-0.8265232797891501) (-0.6424638673370999,-0.7600939057729075) (-0.7243305405116212,-0.6838483040250615) (-0.7973261053311699,-0.5986365652778763) 