# Created by Octave 3.6.4, Fri May 09 23:12:30 2014 CEST <matael@zaphod>
# name: stuff
# type: complex matrix
# rows: 1
# columns: 1001
 (1,0) (0.9999226123966525,-0.01236453682699522) (0.9996904634489188,-0.02472708043940976) (0.999303594738726,-0.03708563808207754) (0.9987620755526263,-0.04943821791838032) (0.9980660028568237,-0.06178282948881836) (0.9972155012622429,-0.07411748416873815) (0.9962107229796744,-0.08644019562493784) (0.9950518477650369,-0.09874898027087189) (0.9937390828548086,-0.1110418577201798) (0.9922726628916825,-0.1233168512382622) (0.9906528498405238,-0.135571988191635) (0.9888799328946968,-0.1478053004947899) (0.9869542283728545,-0.160014825054296) (0.9848760796062858,-0.1721986042098792) (0.9826458568169163,-0.1843546861722186) (0.9802639569860896,-0.1964811254572065) (0.9777308037142302,-0.2085759833164182) (0.9750468470715353,-0.2206373281635454) (0.9722125634398169,-0.2326632359965509) (0.9692284553456449,-0.2446517908153071) (0.9660950512849434,-0.2566010850344863) (0.9628129055391963,-0.268509219891477) (0.9593825979834251,-0.2803743058491029) (0.9558047338861203,-0.292194462992934) (0.9520799437012936,-0.3039678214229768) (0.9482088828528485,-0.3156925216395459) (0.9441922315114513,-0.3273667149231183) (0.9400306943641048,-0.3389885637079839) (0.9357250003766249,-0.3505562419495099) (0.9312759025492359,-0.3620679354848464) (0.9266841776654817,-0.3735218423869032) (0.9219506260346926,-0.3849161733114438) (0.9170760712282112,-0.3962491518371401) (0.9120613598096157,-0.4075190147984468) (0.9069073610591671,-0.4187240126111605) (0.9016149666927151,-0.4298624095905339) (0.8961850905753004,-0.4409324842618274) (0.8906186684296945,-0.4519325296631851) (0.8849166575401199,-0.4628608536407366) (0.8790800364513963,-0.4737157791358229) (0.8731098046637606,-0.4844956444642682) (0.8670069823236108,-0.4951988035876172) (0.8607726099104248,-0.5058236263762633) (0.8544077479201048,-0.5163684988644204) (0.8479134765450027,-0.526831823496871) (0.8412908953508806,-0.5372120193674595) (0.8345411229510545,-0.5475075224492884) (0.8276652966779851,-0.5577167858165943) (0.8206645722525585,-0.5678382798582871) (0.81354012345132,-0.5778704924831356) (0.8062931417719028,-0.5878119293166084) (0.7989248360969132,-0.5976611138893703) (0.7914364323565115,-0.6074165878174496) (0.7838291731899458,-0.6170769109741031) (0.7761043176062751,-0.6266406616534067) (0.7682631406445332,-0.6361064367256134) (0.7603069330335696,-0.6454728517843207) (0.7522370008518079,-0.6547385412855112) (0.7440546651871528,-0.6639021586785152) (0.7357612617972851,-0.6729623765289793) (0.7273581407705644,-0.681917886633903) (0.7188466661877698,-0.6907674001288413) (0.7102282157848978,-0.6995096475873499) (0.7015041806172341,-0.7081433791127814) (0.6926759647249104,-0.71666736442253) (0.6837449848001543,-0.7250803929248372) (0.674712669856437,-0.7333812737882729) (0.6655804608997137,-0.7415688360040167) (0.6563498106019527,-0.7496419284410655) (0.6470221829771395,-0.757599419894503) (0.6375990530599356,-0.7654401991269675) (0.6280819065871733,-0.7731631749034614) (0.6184722396823561,-0.7807672760196621) (0.6087715585433249,-0.7882514513238688) (0.5989813791332604,-0.7956146697327632) (0.5891032268751604,-0.8028559202411363) (0.5791386363499504,-0.8099742119257469) (0.5690891509983652,-0.8169685739434924) (0.5589563228267312,-0.8238380555240543) (0.5487417121167851,-0.8305817259572067) (0.5384468871396431,-0.8371986745749587) (0.5280734238740399,-0.8436880107287282) (0.5176229057289448,-0.8500488637617154) (0.5070969232706567,-0.8562803829766862) (0.4964970739544687,-0.862381737599339) (0.4858249618609978,-0.8683521167374619) (0.4750821974372527,-0.8741907293360655) (0.4642703972425226,-0.8798968041286969) (0.453391183699145,-0.8854695895851273) (0.4424461848482211,-0.8909083538556176) (0.4314370341103295,-0.8962123847119594) (0.420365370051283,-0.9013809894854944) (0.4092328361529735,-0.9064134950023151) (0.3980410805893339,-0.9113092475158459) (0.3867917560074454,-0.9160676126370115) (0.3754865193138112,-0.9206879752621925) (0.3641270314658039,-0.9251697394991697) (0.3527149572683048,-0.9295123285912616) (0.3412519651755175,-0.9337151848398527) (0.3297397270979667,-0.9377777695255135) (0.3181799182146564,-0.9416995628279162) (0.3065742167903704,-0.9454800637447345) (0.2949243039980949,-0.9491187900097316) (0.2832318637465198,-0.9526152780102293) (0.2714985825125878,-0.9559690827041484) (0.259726149179045,-0.9591797775368118) (0.2479162548769374,-0.962246954357705) (0.2360705928330001,-0.965170223337372) (0.2241908582218746,-0.9679492128846322) (0.2122787480230841,-0.9705835695643085) (0.2003359608826929,-0.9730729580156301) (0.188364196979569,-0.9754170608714984) (0.1763651578961622,-0.9776155786787818) (0.1643405464937104,-0.9796682298198095) (0.1522920667917692,-0.9815747504352297) (0.1402214238519716,-0.9833348943483965) (0.1281303236659036,-0.9849484329914409) (0.116020473046986,-0.986415155333182) (0.1038935795262439,-0.9877348678090282) (0.09175135125184247,-0.9889073942530159) (0.07959549689226357,-0.9899325758321269) (0.06742772554298671,-0.9908102709830227) (0.05524974663654345,-0.9915403553513281) (0.04306326985580455,-0.9921227217335946) (0.03087000505034992,-0.9925572800220674) (0.01867166215578312,-0.9928439571523742) (0.006469951115827163,-0.9929826970542498) (-0.005733418192949175,-0.9929734606054067) (-0.01793673603393311,-0.992816225588657) (-0.03013829288096267,-0.9925109866523834) (-0.04233637948668521,-0.9920577552744487) (-0.05452928694894154,-0.991456559729641) (-0.06671530677535638,-0.9907074450607297) (-0.0788927309463065,-0.9898104730532109) (-0.09105985197644882,-0.9887657222138156) (-0.1032149629749863,-0.987573287752843) (-0.1153563577048579,-0.986233281570381) (-0.1274823306410407,-0.9847458322464695) (-0.1395911770281487,-0.9831110850352434) (-0.151681192937526,-0.9813292018631135) (-0.1637506753240115,-0.9794003613310063) (-0.1757979220825973,-0.9773247587206955) (-0.1878212321051416,-0.9751026060052548) (-0.1998189053373682,-0.9727341318636382) (-0.2117892428363215,-0.9702195816994011) (-0.2237305468284994,-0.9675592176635706) (-0.2356411207688511,-0.9647533186816518) (-0.2475192694008471,-0.9618021804847695) (-0.2593632988178202,-0.9587061156449239) (-0.2711715165257867,-0.9554654536143329) (-0.2829422315079383,-0.9520805407688413) (-0.2946737542910198,-0.9485517404553491) (-0.3063643970137893,-0.9448794330432196) (-0.3180124734977598,-0.9410640159796193) (-0.3296162993204342,-0.9371059038487214) (-0.3411741918912212,-0.9330055284347214) (-0.3526844705302434,-0.9287633387885793) (-0.3641454565502327,-0.9243798012984242) (-0.3755554733417049,-0.9198553997635164) (-0.3869128464616182,-0.9151906354716925) (-0.3982159037257096,-0.9103860272801798) (-0.4094629753046906,-0.9054421116996786) (-0.4206523938245036,-0.900359442981597) (-0.4317824944708261,-0.8951385932083137) (-0.4428516150979985,-0.8897801523863441) (-0.453858096342569,-0.8842847285422684) (-0.464800281741629,-0.8786529478212854) (-0.4756765178561122,-0.8728854545882339) (-0.486485154399241,-0.8669829115309305) (-0.4972245443702721,-0.8609459997656587) (-0.5078930441937238,-0.8547754189446317) (-0.518489013864228,-0.8484718873652645) (-0.5290108170971819,-0.8420361420810528) (-0.5394568214853291,-0.835468939013879) (-0.5498253986614359,-0.8287710530675486) (-0.5601149244671887,-0.8219432782423379) (-0.5703237791284603,-0.8149864277503552) (-0.5804503474370607,-0.8079013341314963) (-0.5904930189391149,-0.8006888493697526) (-0.6004501881301612,-0.7933498450096725) (-0.610320254657105,-0.785885212272702) (-0.6201016235271132,-0.7782958621731962) (-0.6297927053235565,-0.7705827256338265) (-0.6393919164290883,-0.7627467536001462) (-0.6488976792559377,-0.7547889171540436) (-0.658308422483492,-0.7467102076258265) (-0.6676225813032453,-0.738511636704658) (-0.6768385976711472,-0.7301942365470788) (-0.6859549205674333,-0.7217590598833226) (-0.6949700062639467,-0.7132071801211568) 