# Created by Octave 3.6.4, Fri May 09 23:12:35 2014 CEST <matael@zaphod>
# name: stuff
# type: complex matrix
# rows: 1
# columns: 1001
 (1,0) (0.9993035973213727,-0.03708558283018407) (0.9972155425102786,-0.07411704383897114) (0.9937392910477109,-0.111040381054602) (0.9888805881320817,-0.1478018314388228) (0.9826474479183249,-0.184347988448968) (0.9750501247383419,-0.2206259173415847) (0.9661010765833564,-0.2565832675095138) (0.955814921201646,-0.2921683811816877) (0.9442083852328037,-0.327330397860353) (0.9313002468612065,-0.3620193539232207) (0.9171112725258928,-0.3961862768772957) (0.9016641482708714,-0.4297832738158423) (0.8849834063585318,-0.462763613699099) (0.8670953477988018,-0.4950818031518104) (0.8480279614678849,-0.5266936555453263) (0.8278108405026359,-0.5575563532077672) (0.8064750966599851,-0.5876285026814816) (0.7840532733255667,-0.6168701830216652) (0.7605792578420694,-0.6452429872025524) (0.7360881938063935,-0.6727100567671344) (0.7106163939558905,-0.6992361099219832) (0.6842012542285381,-0.7247874633398378) (0.6568811695404779,-0.7493320479883637) (0.6286954517777714,-0.7728394193535313) (0.5996842504482005,-0.7952807624698387) (0.5698884763843725,-0.8166288922068828) (0.5393497288320196,-0.8368582492923654) (0.5081102261980834,-0.8559448925753409) (0.4762127406726472,-0.8738664880504304) (0.4437005368779016,-0.8906022951739051) (0.4106173146366343,-0.9061331510060685) (0.3770071558930797,-0.9204414527116045) (0.3429144757607953,-0.9335111389406107) (0.3083839776161856,-0.9453276705983709) (0.2734606121028672,-0.9558780114918448) (0.2381895398616606,-0.9651506093157193) (0.2026160977540279,-0.9731353774111704) (0.1667857683035689,-0.979823677696572) (0.1307441520410318,-0.9852083051317363) (0.09453694240343777,-0.9892834740363068) (0.05820990280754413,-0.9920448065390589) (0.0218088454921635,-0.9934893233885752) (-0.01462038829704156,-0.9936154373073938) (-0.05103194722269826,-0.9924229490218421) (-0.08737998832420522,-0.9899130460485831) (-0.1236186954989517,-0.9860883042670564) (-0.1597022984565673,-0.9809526922546975) (-0.1955850926022535,-0.9745115783096536) (-0.2312214602959518,-0.9667717400339518) (-0.2665658939196721,-0.957741376299284) (-0.3015730211658578,-0.9474301213680316) (-0.3361976329352425,-0.9358490608944646) (-0.3703947142033146,-0.9230107494854756) (-0.4041194781804922,-0.9089292294574229) (-0.437327404052441,-0.8936200503859112) (-0.4699742785439832,-0.8771002890092487) (-0.502016241502934,-0.8593885690143217) (-0.5334098356493222,-0.8405050802061644) (-0.5641120605810747,-0.8204715965400313) (-0.5940804310700052,-0.7993114924778429) (-0.623273039622037,-0.7770497571197175) (-0.6516486232139184,-0.7537130055565074) (-0.6791666340555199,-0.729329486890984) (-0.7057873141631362,-0.7039290883839949) (-0.7314717734655556,-0.6775433351976461) (-0.7561820711019492,-0.6502053852305795) (-0.7798812995095985,-0.621950018570685) (-0.8025336708411051,-0.5928136211281042) (-0.8241046051957789,-0.5628341620559713) (-0.8445608200993536,-0.5320511646177186) (-0.8638704206209009,-0.5005056702175296) (-0.8820029894766239,-0.4682401953742047) (-0.8989296764379955,-0.4352986814875084) (-0.9146232863370257,-0.4017264373194445) (-0.929058364945257,-0.3675700741897661) (-0.9422112819955599,-0.3328774339645006) (-0.9540603106177026,-0.2976975099973113) (-0.9645857024700586,-0.2620803612648365) (-0.9737697578709031,-0.2260770200177056) (-0.9815968902635409,-0.1897393933473989) (-0.9880536843897042,-0.1531201591442501) (-0.9931289475950232,-0.1162726569925347) (-0.9968137537481518,-0.07925077461349102) (-0.9991014793209247,-0.04210883052518818) (-0.9999878312494704,-0.00490145363840843) (-0.999470866274896,0.03231653945075436) (-0.9975510015455233,0.06949026867890072) (-0.994231016349709,0.1065649154292581) (-0.9895160449375214,0.1434858473154567) (-0.9834135604797569,0.1801987420083274) (-0.9759333503024523,0.216649709288957) (-0.9670874826228966,0.2527854105319411) (-0.9568902650977743,0.288553174853703) (-0.9453581955741939,0.3239011112014986) (-0.9325099055088533,0.3587782157085113) (-0.9183660965882707,0.3931344736984426) (-0.9029494711430573,0.4269209557883019) (-0.8862846570007317,0.46008990760949) (-0.8683981274639897,0.4925948327437419) (-0.8493181171342397,0.5243905685506514) (-0.8290745343231798,0.5554333546462406) (-0.8076988708082822,0.5856808938759607) (-0.7852241096912157,0.6150924057094698) (-0.761684632111728,0.6436286720673139) (-0.7371161235537325,0.6712520756700254) (-0.7115554804557647,0.6979266310772132) (-0.6850407178052444,0.7236180086569539) (-0.6576108783557771,0.7482935517932841) (-0.6293059440599353,0.7719222877012744) (-0.6001667502573211,0.7944749322743304) (-0.5702349031002455,0.8159238894365369) (-0.539552700637842,0.8362432455138014) (-0.508163057914949,0.8554087591709334) (-0.4761094363753625,0.8733978474875178) (-0.4434357777911087,0.8901895687636301) (-0.4101864428709832,0.9057646026569863) (-0.3764061546334945,0.9201052282563779) (-0.342139946562378,0.9331953006923872) (-0.3074331154975463,0.9450202268757107) (-0.2723311791514465,0.9555669409363564) (-0.2368798380807393,0.9648238799138701) (-0.2011249418865334,0.9727809602200541) (-0.165112459363528,0.979429555361801) (-0.1288884522696606,0.9847624753731102) (-0.0924990523435365,0.9887739483626411) (-0.05599044115737271,0.9914596045365597) (-0.01940883235850486,0.9928164630066705) (0.01719954417698486,0.9928429216410866) (0.05378845677916494,0.9915387501596028) (0.09031168552714036,0.9889050866188722) (0.126723035432645,0.9849444373738381) (0.1629763498046083,0.97966068054219) (0.1990255243369131,0.9730590729382044) (0.2348245224575766,0.9651462603817116) (0.2703273924678575,0.9559302912275682) (0.3054882869840782,0.9454206329012881) (0.3402614851734149,0.9336281911680095) (0.3746014182474154,0.9205653318051278) (0.4084626986436292,0.9062459042943111) (0.4418001532866551,0.8906852670968139) (0.4745688612750223,0.8739003140274957) (0.5067241962901381,0.8559095011983756) (0.5382218739678076,0.8367328739626984) (0.5690180044124953,0.8163920932555424) (0.5990691499692272,0.7949104606981884) (0.6283323882989866,0.772312941810853) (0.6567653807306064,0.7486261866629588) (0.6843264457865941,0.7238785472822604) (0.7109746377025074,0.6981000911444187) (0.7366698296804657,0.6713226100734777) (0.7613728015378793,0.6435796239016217) (0.7850453313337789,0.6149063782635751) (0.8076502904780182,0.5853398359375878) (0.8291517417545488,0.5549186611908384) (0.8495150396199196,0.5236831966422618) (0.8687069320734573,0.4916754322200794) (0.8866956633374328,0.4589389658640199) (0.9034510765351106,0.4255189557029174) (0.9189447155130027,0.3914620635260948) (0.9331499249220916,0.356816389460807) (0.9460419476520077,0.3216313978667555) (0.9575980187030902,0.2859578345611081) (0.9677974545845219,0.249847635591927) (0.976621737342671,0.2133538278830092) (0.9840545923527031,0.1765304221771919) (0.9900820590483999,0.1394322988063175) (0.9946925538196308,0.1021150869127869) (0.9978769243736064,0.06463503783805455) (0.9996284949341638,0.0270488934759638) (0.9999431017417379,-0.01058624953799977) (0.9988191184143601,-0.04821307886822015) (0.9962574708353152,-0.08577420776760265) (0.9922616413445526,-0.1232123175926877) (0.9868376621266751,-0.1604703005011453) (0.9799940978066221,-0.1974914012787888) (0.9717420173828426,-0.2342193572489385) (0.9620949557451682,-0.2705985352373602) (0.9510688651385286,-0.3065740646006263) (0.9386820570424089,-0.3420919653742414) (0.9249551350377991,-0.3770992706579286) (0.9099109193264765,-0.4115441424287207) (0.8935743636508132,-0.4453759800558132) (0.8759724654341489,-0.4785455208837965) (0.8571341700216849,-0.5110049323507212) (0.8370902699486472,-0.542707895213101) (0.8158733001960193,-0.5736096775594404) (0.7935174304139722,-0.6036671994055915) (0.7700583550994656,-0.6328390877771078) (0.7455331827074809,-0.6610857222945905) (0.7199803246556377,-0.6883692713854908) (0.6934393851500062,-0.7146537193491894) (0.6659510527169744,