# Created by Octave 3.6.4, Fri May 09 23:12:24 2014 CEST <matael@zaphod>
# name: stuff
# type: complex matrix
# rows: 1
# columns: 1001
 (NaN,NaN) (443.497139747713,-0.4062032729564331) (443.4915591094528,-0.8123786035264948) (443.4822584410038,-1.218498051974044) (443.4692383352785,-1.624533683852054) (443.4524996222258,-2.030457572640329) (443.432043368702,-2.436241802406512) (443.4078708783053,-2.841858470434052) (443.3799836911743,-3.24727968985947) (443.3483835837487,-3.652477592304111) (443.3130725684938,-4.057424330511804) (443.2740528935896,-4.462092080964078) (443.2313270425822,-4.866453046506066) (443.1848977339993,-5.270479458957036) (443.1347679209305,-5.674143581716317) (443.0809407905692,-6.077417712370021) (443.0234197637218,-6.480274185274556) (442.9622084942787,-6.882685374146829) (442.8973108686503,-7.284623694636759) (442.8287310051684,-7.686061606898507) (442.7564732534508,-8.086971618139991) (442.6805421937319,-8.487326285176163) (442.6009426361592,-8.887098216957234) (442.5176796200523,-9.286260077098223) (442.4307584131307,-9.684784586387327) (442.3401845107048,-10.0826445252858) (442.2459636348345,-10.47981273641489) (442.1481017334529,-10.87626212702734) (442.0466049794575,-11.27196567146325) (441.9414797697667,-11.6668964135988) (441.8327327243455,-12.06102746926846) (441.7203706851955,-12.45433202868251) (441.6044007153154,-12.84678335882085) (441.4848300976268,-13.23835480581224) (441.3616663338705,-13.6290197972981) (441.2349171434693,-14.01875184477552) (441.1045904623605,-14.40752454592685) (440.9706944417977,-14.7953115869231) (440.833237447121,-15.18208674471623) (440.6922280564986,-15.56782388930638) (440.5476750596367,-15.95249698599265) (440.3995874564616,-16.33608009759974) (440.2479744557713,-16.71854738668711) (440.0928454738589,-17.09987311773556) (439.9342101331081,-17.48003165931063) (439.7720782605599,-17.85899748620574) (439.6064598864515,-18.23674518156232) (439.4373652427296,-18.61324943896728) (439.2648047615346,-18.98848506452375) (439.0887890736605,-19.36242697890454) (438.9093290069873,-19.73505021937442) (438.7264355848888,-20.10632994179466) (438.5401200246151,-20.47624142259479) (438.3503937356499,-20.84476006072818) (438.1572683180444,-21.2118613795942) (437.9607555607266,-21.57752102893934) (437.7608674397877,-21.94171478672985) (437.5576161167456,-22.30441856099982) (437.351013936786,-22.66560839166841) (437.1410734269816,-23.02526045233613) (436.9278072944894,-23.38335105204659) (436.7112284247268,-23.73985663702773) (436.4913498795293,-24.09475379239815) (436.2681848952842,-24.44801924385159) (436.0417468810488,-24.79962985930771) (435.8120494166471,-25.14956265053676) (435.5791062507479,-25.49779477475536) (435.3429312989266,-25.84430353619234) (435.103538641707,-26.18906638762545) (434.8609425225878,-26.532060931888) (434.6151573460521,-26.87326492334549) (434.3661976755601,-27.21265626934429) (434.1140782315264,-27.5502130316281) (433.8588138892833,-27.8859134277233) (433.6004196770274,-28.21973583229774) (433.3389107737549,-28.551658778483) (433.0743025071806,-28.88166095917164) (432.8066103516448,-29.20972122828042) (432.5358499260093,-29.53581860198172) (432.2620369915381,-29.85993225990681) (431.9851874497699,-30.18204154631485) (431.7053173403764,-30.50212597123337) (431.4224428390134,-30.82016521156278) (431.1365802551587,-31.13613911215657) (430.8477460299432,-31.45002768686204) (430.5559567339706,-31.76181111953508) (430.2612290651311,-32.07146976502015) (429.9635798464049,-32.37898415010069) (429.6630260236593,-32.68433497441572) (429.3595846634393,-32.98750311134611) (429.0532729507502,-33.28846960886872) (428.7441081868362,-33.58721569037878) (428.432107786952,-33.88372275547967) (428.1172892781301,-34.17797238074156) (427.7996702969435,-34.46994632042998) (427.4792685872648,-34.759626507199) (427.1561019980205,-35.04699505275597) (426.8301884809448,-35.33203424849331) (426.5015460883285,-35.61472656608821) (426.1701929707663,-35.89505465807224) (425.8361473749044,-36.17300135836869) (425.4994276411845,-36.44854968279843) (425.1600522015887,-36.72168282955454) (424.8180395773844,-36.99238417964636) (424.4734083768687,-37.26063729731203) (424.1261772931144,-37.5264259303992) (423.776365101716,-37.78973401071779) (423.4239906585393,-38.05054565435806) (423.0690728974719,-38.30884516198101) (422.7116308281761,-38.56461701907787) (422.3516835338459,-38.81784589619784) (421.9892501689672,-39.06851664914784) (421.6243499570803,-39.31661431916093) (421.2570021885497,-39.56212413303417) (420.8872262183363,-39.80503150323959) (420.5150414637757,-40.04532202800263) (420.1404674023619,-40.28298149135348) (419.7635235695371,-40.51799586314843) (419.3842295564883,-40.75035129906233) (419.0026050079495,-40.98003414055249) (418.6186696200129,-41.20703091479469) (418.2324431379461,-41.43132833458981) (417.8439453540179,-41.65291329824346) (417.4531961053329,-41.87177288941746) (417.0602152716734,-42.08789437695383) (416.6650227733526,-42.30126521467122) (416.2676385690744,-42.51187304113418) (415.8680826538064,-42.71970567939645) (415.4663750566594,-42.92475113671642) (415.0625358387803,-43.12699760424789) (414.6565850912538,-43.32643345670236) (414.2485429330172,-43.5230472519883) (413.8384295087841,-43.71682773082274) (413.4262649869827,-43.90776381631878) (413.0120695577037,-44.09584461354758) (412.5958634306623,-44.28105940907555) (412.1776668331718,-44.46339767047806) (411.757500008131,-44.64284904582789) (411.3353832120246,-44.81940336315958) (410.9113367129362,-44.99305062991284) (410.4853807885762,-45.16378103234871) (410.0575357243243,-45.33158493494585) (409.6278218112844,-45.49645287977354) (409.1962593443552,-45.65837558584106) (408.7628686203166,-45.81734394842617) (408.3276699359289,-45.97334903838238) (407.8906835860492,-46.12638210142268) (407.4519298617623,-46.27643455738495) (407.0114290485281,-46.42349799947395) (406.5692014243442,-46.56756419348444) (406.1252672579247,-46.70862507700399) (405.6796468068964,-46.84667275859522) (405.2323603160099,-46.98169951695886) (404.7834280153691,-47.11369780007844) (404.3328701186759,-47.24266022434463) (403.8807068214941,-47.36857957366169) (403.4269582995283,-47.49144879853623) (402.9716447069217,-47.61126101514762) (402.5147861745716,-47.72800950440015) (402.056402808461,-47.84168771095929) (401.5965146880101,-47.95228924226998) (401.1351418644446,-48.05980786755856) (400.6723043591819,-48.16423751681873) (400.2080221622369,-48.26557227978137) (399.7423152306449,-48.36380640486848) (399.2752034869033,-48.45893429813253) (398.8067068174324,-48.55095052217999) (398.3368450710543,-48.63984979508078) (397.8656380574906,-48.72562698926356) (397.3931055458797,-48.8082771303965) (396.9192672633122,-48.8877953962544) (396.4441428933859,-48.96417711557339) (395.9677520747794,-49.03741776689128) (395.4901143998457,-49.1075129773763) (395.0112494132235,-49.17445852164323) (394.5311766104706,-49.23825032055643) (394.0499154367128,-49.29888444002319) (393.5674852853156,-49.35635708977384) (393.0839054965733,-49.41066462213143) (392.5991953564187,-49.46180353077088) (392.1133740951513,-49.50977044946686) (391.6264608861856,-49.55456215083299) (391.1384748448192,-49.59617554504911) (390.6494350270194,-49.6346076785812) (390.1593604282303,-49.66985573288986) (389.6682699821993,-49.70191702313213) (389.1761825598225,-49.73078899685254) (388.6831169680107,-49.7564692326674) (388.1890919485734,-49.77895543894005) (387.6941261771241,-49.79824545244927) (387.198238262004,-49.81433723704885) (386.7014467432245,-49.82722888232175) (386.2037700914313,-49.83691860222581) (385.7052267068855,-49.84340473373371) (385.2058349184656,-49.84668573546648) (384.7056129826883,-49.84676018632115) (384.2045790827482,-49.84362678409136) (383.702751327578,-49.83728434408485) (383.2001477509257,-49.82773179773341) (382.6967863104531,-49.81496819119917) (382.1926848868524,-49.79899268397608) (381.6878612829807,-49.77980454748615) (381.182333223016,-49.75740316367268) 