# Created by Octave 3.6.4, Fri May 09 23:12:39 2014 CEST <matael@zaphod>
# name: stuff
# type: complex matrix
# rows: 1
# columns: 1001
 (NaN,NaN) (442.152483500432,-10.84541554323584) (438.225724212954,-20.97468351079318) (432.0386756757632,-29.7526493300258) (424.0687342871426,-36.68811786547838) (414.8837593304716,-41.46742173166595) (405.074373593654,-43.95698488423903) (395.1986319872586,-44.18157924156966) (385.7455850737291,-42.28900241020463) (377.1179244535913,-38.51157754872537) (369.6297950213368,-33.13190928602785) (363.5143272868077,-26.45671948021624) (358.9357601226813,-18.79964126013152) (356.0022185230628,-10.47201660177524) (354.7765436774338,-1.779893406693645) (355.2836636274103,6.974799512819459) (357.513746954166,15.49085285474661) (361.4208705291796,23.46399662271756) (366.9173017410187,30.58456145122284) (373.8639156117438,36.5384910662716) (382.0578992721209,41.01372962650271) (391.2198529601664,43.71395215422478) (400.983667459051,44.38106953963393) (410.8938954385987,42.82654842205966) (420.4161457205398,38.96907577044522) (428.9653949181779,32.87262696488278) (435.9541056202841,24.7755033788485) (440.8564431645156,15.09918796249713) (443.277984944763,4.427957574142056) (443.0150730121786,-6.54304249287452) (440.0877537728782,-17.08379048128972) (434.7365546217854,-26.51336376573227) (427.3840670231866,-34.27277543490959) (418.5725763530709,-39.97175720071664) (408.8942273781942,-43.4037278014207) (398.9289665340607,-44.53269080856398) (389.1997207263578,-43.46182207191964) (380.1474182892018,-40.39483840595574) (372.1232527898693,-35.59906627135581) (365.393030594889,-29.37552877109204) (360.1481262191405,-22.03801558832487) (356.5185297049502,-13.90078261447212) (354.5848290083126,-5.273305863510075) (354.3871967010156,3.539915088432565) (355.9303457764687,12.23651784106926) (359.1840020120769,20.51229942000504) (364.0788366931952,28.05793354569545) (370.4981815115394,34.55827070369688) (378.2663799877093,39.69624164847858) (387.1354611575748,43.16344516099241) (396.7730078037879,44.6792147963794) (406.7554985656537,44.01895345173162) (416.5725781131844,41.05044253821441) (425.6478212798797,35.77360252510768) (433.3795759841337,28.35539890113743) (439.2007462661688,19.14877560226258) (442.6495162079012,8.684810204865265) (443.4364428505827,-2.367663585645441) (441.4906591328785,-13.27147757399573) (436.971775634505,-23.30610766920919) (430.2438370513175,-31.84884899817484) (421.8191665900081,-38.43428128080949) (412.2877976034474,-42.78209256595538) (402.2494327089917,-44.79360808183148) (392.2602878818242,-44.52529634380318) (382.800090840154,-42.15070534045648) (374.2582514810812,-37.92115490558294) (366.934543305022,-32.13208691893999) (361.0485582046478,-25.09826323286046) (356.7528320817405,-17.13817299260239) (354.1458823986309,-8.566364639864901) (353.2827563811824,0.3082693051999854) (354.1817403258041,9.180343091376585) (356.8265792025405,17.74394468444149) (361.1640030852595,25.6885972913384) (367.0967177280299,32.69710820585692) (374.4724733143464,38.44732912566644) (383.0705474512205,42.61999011107127) (392.5880747310332,44.91467745902617) (402.6300834057575,45.07534192075718) (412.7085328096355,42.92503371729094) (422.2563564869473,38.40661565495861) (430.6614398283802,31.62230091715082) (437.3216332395703,22.86122358579314) (441.7153256627479,12.60301552395413) (443.4746088512564,1.488693026192777) (442.4432184931712,-9.741462460287948) (438.7027985779458,-20.33246949351133) (432.5594403622159,-29.60272200555664) (424.4946248198918,-37.01525629632692) (415.0949295455894,-42.21828715043057) (404.9787026369755,-45.05174920032732) (394.7348231183688,-45.52626290594083) (384.8815931986678,-43.78606390417008) (375.8465925544081,-40.06753274661253) (367.9634808577427,-34.66184786976248) (361.4798114077111,-27.88626257325086) (356.5701618509592,-20.06515399209303) (353.3501869129951,-11.5198850339832) (351.8886853861128,-2.565542307180067) (352.2159938016269,6.487632077394437) (354.3278506566487,15.3302079706699) (358.1843913306688,23.64889011803513) (363.7042970184071,31.12312389717039) (370.754523514268,37.42502903308022) (379.1366687239887,42.22489585502473) (388.5720527525964,45.2045355526632) (398.6890139691412,46.08035273510811) (409.0175478939723,44.63665299437879) (418.9976064928714,40.76702482645686) (428.0070661232509,34.51768928825551) (435.4123672381048,26.12243719097732) (440.6386236622741,16.01622967198745) (443.2478475592547,4.816281197215996) (443.007250330545,-6.733137707238104) (439.9286062070709,-17.84450050354388) (434.2665840033158,-27.78119243513225) (426.4765344372322,-35.93970244090931) (417.144580202853,-41.90218595440247) (406.9092512871302,-45.45257558523906) (396.3924183422563,-46.56073357196973) (386.150320244702,-45.34619376547306) (376.64734325954,-42.03441363758319) (368.2491869146493,-36.91568767134581) (361.2292573723632,-30.31254171286253) (355.7819710512536,-22.55753265369248) (352.0379126165993,-13.98079329580594) (350.077422442695,-4.905385862258981) (349.9405900796546,4.351846354152144) (351.6326038084791,13.47616727315437) (355.1239996806724,22.14964074780858) (360.3457296601403,30.04661931885801) (367.1793330178265,36.83212118007043) (375.4430611377855,42.16541527052505) (384.8757619468934,45.71130972388937) (395.1217705588698,47.16142338430313) (405.7218426033982,46.26662784763676) (416.116759650363,42.87938029538941) (425.6705617539925,37.00066329495075) (433.718030570495,28.82141719274887) (439.6351230213475,18.74468122995768) (442.9222952297148,7.375048061574489) (443.2823295114911,-4.531341187263024) (440.671241931412,-16.15102281286272) (435.3064982158937,-26.69383823044836) (427.6298312609153,-35.49555391539548) (418.2363753861655,-42.08127778705034) (407.7906163532473,-46.18962469474627) (396.9495569084436,-47.7605681370801) (386.306483592472,-46.89882857428279) (376.3595639638316,-43.82715192561977) (367.5023044187778,-38.84125775628797) (360.0293039395091,-32.27349143877802) (354.1502722177369,-24.46773733695551) (350.0065808057487,-15.76509888231658) (347.6864353823861,-6.498311408634493) (347.2363558115619,3.00761303717735) (348.6677646574437,12.43092868922798) (351.9581480435445,21.44708557489048) (357.0466390220614,29.72312798138205) (363.8242080360143,36.9147338562841) (372.1191664417166,42.66833612640568) (381.679622587432,46.63104839423769) (392.1560232365183,48.47106801414503) (403.0888965965442,47.91031812365995) (413.9088858574907,44.76870746149456) (423.9570101448501,39.01519461831251) (432.5312088330194,30.81538813418034) (438.9592895923951,20.56070915737721) (442.6887934322458,8.863490854188116) (443.3743222855681,-3.491296548219262) (440.9381422238362,-15.63396921511254) (435.5849115759539,-26.71924109425038) (427.7655674390893,-36.02935106778394) (418.1021345714779,-43.04649155155926) (407.2960992729696,-47.48198629613427) (396.0436405865772,-49.26462293563296) (384.9733272480315,-48.50114823149576) (374.6114077040228,-45.42512088844759) (365.3714772625932,-40.34749740614228) (357.561138755757,-33.61690802974459) (351.3977506455732,-25.59245965492846) (347.0268744016547,-16.62844922686395) (344.5391246757885,-7.068672813812896) (343.982934623722,2.752452555443938) (345.3719802298472,12.50459155661292) (348.6867094584668,21.8543655479952) (353.8697965904402,30.45859371970641) (360.8156447255319,37.96019404922174) (369.3545621294901,43.98937197892451) (379.2332072425166,48.1731213282294) (390.0945302735443,50.15614635101531) (401.4627090600509,49.63547698291859) (412.7409707252526,46.40854585784518) (423.2314571050741,40.4298298413737) (432.1845153515119,31.86482291036737) (438.8782545332746,21.12435907460804) (442.7181247067248,8.861085691247354) (443.334435692953,-4.083122121352062) (440.6498887106411,-16.77486513807617) (434.8949754137908,-28.31074926266683) (426.565833796819,-37.93128505946243) (416.3387654979125,-45.09894406305193) (404.9679372234239,-49.52680814886389) (393.1928018062724,-51.1617390182837) (381.6721985431998,