# Created by Octave 3.6.4, Fri May 09 23:12:29 2014 CEST <matael@zaphod>
# name: stuff
# type: complex matrix
# rows: 1
# columns: 1001
 (NaN,NaN) (443.4822590402082,-1.218459892003751) (443.4320529532011,-2.435936670007025) (443.3484320819038,-3.651448598796257) (443.2314802173941,-4.864016696769875) (443.0813144286725,-6.072666102762375) (442.8980848252654,-7.276427431063262) (442.6819742535875,-8.474338110625133) (442.4331979282304,-9.665443704783609) (442.1520029996055,-10.84879920772647) (441.8386680595881,-12.02347031419603) (441.4935025870579,-13.1885346589137) (441.1168463354254,-14.34308302248829) (440.7090686644532,-15.48622050063296) (440.2705678188622,-16.61706763374781) (439.8017701563846,-17.7347614941086) (439.3031293280972,-18.83845672804671) (438.7751254139926,-19.9273265508134) (438.2182640168878,-21.00056369193406) (437.6330753178675,-22.05738128916559) (437.020113096556,-23.09701372933324) (436.3799537195792,-24.11871743461096) (435.713195100641,-25.12177159299766) (435.0204556356611,-26.10547883201983) (434.3023731164618,-27.0691658348832) (433.5596036264707,-28.01218389856941) (432.7928204219116,-28.93390943356573) (432.0027128019118,-29.83374440517458) (431.1899849709155,-30.71111671653803) (430.3553548967274,-31.56548053375381) (429.4995531674454,-32.39631655362498) (428.6233218504341,-33.2031322148321) (427.7274133564194,-33.98546185344196) (426.8125893116459,-34.7428668038943) (425.879619440938,-35.47493544673723) (424.9292804643677,-36.18128320454761) (423.9623550100934,-36.86155248761415) (422.9796305457986,-37.51541259107654) (421.9818983309987,-38.14255954534522) (420.9699523923402,-38.74271592171331) (419.9445885238534,-39.31563059517374) (418.9066033139607,-39.86107846652125) (417.8567932008833,-40.37886014589242) (416.7959535579268,-40.86880159994473) (415.7248778099628,-41.33075376491219) (414.6443565822663,-41.76459212781498) (413.5551768827124,-42.17021627810412) (412.458121318173,-42.54754943204252) (411.3539673458166,-42.89653793210671) (410.2434865598501,-43.21715072369588) (409.1274440141171,-43.50937881139866) (408.0065975808126,-43.77323469704874) (406.8816973454598,-44.00875180175203) (405.7534850381496,-44.21598387403589) (404.6226935009469,-44.39500438620405) (403.4900461912334,-44.54590592093504) (402.3562567206671,-44.66879955009381) (401.2220284293286,-44.76381420765813) (400.0880539945449,-44.83109605859045) (398.9550150737766,-44.87080786541631) (397.8235819809042,-44.88312835417966) (396.6944133951486,-44.86825158138257) (395.5681561018228,-44.82638630341776) (394.4454447640341,-44.75775534993568) (393.3269017244233,-44.6625950024891) (392.2131368359657,-44.54115437972717) (391.1047473208354,-44.39369483031896) (390.0023176562944,-44.2204893347068) (388.9064194865415,-44.02182191670525) (387.8176115594408,-43.797987065884) (386.7364396870281,-43.54928917158807) (385.6634367286818,-43.27604196937881) (384.599122595846,-42.97856800059404) (383.5440042771875,-42.65719808565709) (382.4985758830605,-42.31227081169905) (381.463318708183,-41.94413203497425) (380.438701311408,-41.55313439850283) (379.4251796115074,-41.13963686529394) (378.4231969978964,-40.70400426745201) (377.4331844552315,-40.24660687141213) (376.4555607008548,-39.76781995948863) (375.4907323340623,-39.26802342787775) (374.5390939962098,-38.74760140119918) (373.6010285406826,-38.20694186362579) (372.6769072117991,-37.64643630659316) (371.767089831725,-37.06647939305861) (370.8719249945221,-36.46746863822594) (369.9917502664728,-35.84980410662993) (369.1268923918558,-35.21388812543603) (368.277667503378,-34.56012501378484) (367.4443813364973,-33.88892082798282) (366.6273294469005,-33.20068312231777) (365.8267974304326,-32.49582072525615) (365.0430611448012,-31.77474353075706) (364.2763869324106,-31.0378623044237) (363.5270318437076,-30.28558850419569) (362.7952438604544,-29.51833411527087) (362.0812621183647,-28.73651149893789) (361.3853171285711,-27.94053325498288) (360.7076309974173,-27.13081209733497) (360.0484176440937,-26.30776074259859) (359.4078830156625,-25.47179181112051) (358.7862252990361,-24.62331774023363) (358.1836351295029,-23.76275070931547) (357.6002957954123,-22.89050257629617) (357.0363834386545,-22.00698482525206) (356.4920672505842,-21.11260852471781) (355.9675096630703,-20.2077842963493) (355.4628665343565,-19.29292229357452) (354.9782873294419,-18.36843218986661) (354.5139152947132,-17.4347231762768) (354.0698876265615,-16.49220396786785) (353.6463356337423,-15.54128281869055) (353.2433848932503,-14.58236754494811) (352.8611553994836,-13.6158655559978) (352.4997617064933,-12.64218389284054) (352.1593130631269,-11.66172927375641) (351.8399135408681,-10.67490814673891) (351.5416621542086,-9.682126748396456) (351.264652973374,-8.683791168979269) (351.0089752292479,-7.680307423205534) (350.7747134103383,-6.67208152655229) (350.5619473516396,-5.659519576688126) (350.37075231525,-4.643027839719252) (350.2011990626045,-3.62301284093121) (350.0533539181974,-2.599881459699589) (349.9272788246593,-1.574041028254101) (349.8230313890734,-0.5458994339754781) (349.7406649204032,0.4841347750966634) (349.6802284579176,1.515652281859047) (349.6417667905012,2.548242889167625) (349.6253204667296,3.581495406608781) (349.6309257956075,4.614997535340933) (349.6586148378577,5.648335751334059) (349.7084153876523,6.681095187337803) (349.7803509446873,7.712859513908256) (349.8744406764898,8.743210819835838) (349.9906993708656,9.771729492312943) (350.1291373783818,10.7979940971951) (350.2897605447869,11.82158125970938) (350.472570133281,12.8420655459725) (350.677562736535,13.85901934569432) (350.9047301783747,14.87201275644242) (351.1540594050446,15.88061346986257) (351.4255323659673,16.88438666025291) (351.7191258839199,17.88289487590566) (352.0348115145605,18.87569793363821) (352.3725553952312,19.86235281695218) (352.7323180829833,20.84241357826949) (353.1140543817682,21.81543124570794) (353.5177131587503,22.78095373487747) (353.943237149709,23.73852576618839) (354.3905627535019,24.68768878818327) (354.8596198155781,25.62798090741774) (355.3503314005422,26.55893682543376) (355.8626135537812,27.48008778338726) (356.3963750521841,28.39096151490753) (356.9515171440039,29.29108220778733) (357.5279332779289,30.17997047511756) (358.1255088214427,31.0571433365028) (358.7441207685912,31.92211421001241) (359.3836374372894,32.7743929155348) (360.043918156321,33.61348569023414) (360.7248129422273,34.43889521681251) (361.4261621663055,35.25012066531133) (362.1477962119609,36.04665774919602) (362.8895351227138,36.82799879648883) (363.6511882411779,37.59363283673076) (364.4325538393791,38.34304570456834) (365.233418740831,39.07572016077597) (366.0535579348137,39.79113603153883) (366.8927341833675,40.48877036683041) (367.7506976215539,41.16809761873208) (368.6271853515944,41.82858984054621) (369.5219210315528,42.4697169075647) (370.4346144592917,43.09094676034999) (371.3649611524818,43.69174567139873) (372.3126419255322,44.27157853603933) (373.2773224643517,44.82990918842358) (374.2586528999394,45.36620074345228) (375.25626738187,45.87991596546169) (376.2697836528126,46.37051766449258) (377.2988026253063,46.8374691209134) (378.3429079620874,47.2802345391716) (379.4016656613539,47.69827953138793) (380.4746236484244,48.0910716314894) (381.5613113753478,48.45808084051146) (382.6612394300976,48.79878020366129) (383.7738991570632,49.11264641967387) (384.8987622906577,49.39916048291479) (386.0352806039316,49.65780835862029) (387.182885574162,49.88808169158483) (388.3409880675017,50.08947854849794) (389.5089780448123,50.26150419405758) (390.686224290922,50.4036719008584) (391.8720741696011,50.51550379295361) (393.0658534066382,50.59653172284072) (394.2668659034484,50.64629818151843) (395.4743935837287,50.66435724108101) (396.6876962757128,50.65027552918787) (397.9060116326366,50.60363323457432) (399.1285550940595,50.52402514259438) (400.3545198907191,50.41106169960813) (401.5830770956171,50.26437010483437) (402.8133757240415,50.08359542808535) 