# Created by Octave 3.6.4, Fri May 09 23:12:34 2014 CEST <matael@zaphod>
# name: stuff
# type: complex matrix
# rows: 1
# columns: 1001
 (NaN,NaN) (443.3484374691838,-3.651334291600921) (442.8981707309819,-7.275517543095223) (442.1524354615705,-10.84575384235875) (441.1182024670238,-14.3359480513756) (439.8050480330758,-17.7210329257522) (438.2249788812097,-20.97726950628788) (436.3922177572935,-24.08251377322942) (434.3229568125439,-27.01644401457824) (432.0350866952426,-29.76074499469672) (429.5479096365082,-32.29924671837074) (426.8818447931051,-34.61801727045314) (424.0581337377296,-36.70541078432784) (421.0985533149992,-38.55207298108961) (418.0251421751558,-40.15090787304807) (414.8599462299873,-41.49701010772107) (411.6247871196411,-42.58756803091366) (408.3410566032124,-43.42174287675297) (405.0295386495832,-44.0005295708811) (401.7102599557354,-44.326604493682) (398.4023686926957,-44.40416523342523) (395.1240404964349,-44.23876690772863) (391.8924100928869,-43.83715908819656) (388.7235264727554,-43.2071267672267) (385.6323292051663,-42.35733819221991) (382.6326432854584,-41.29720178959516) (379.737189833951,-40.0367338311934) (376.9576099797255,-38.58643797484572) (374.3044993563359,-36.95719734923) (371.7874507857524,-35.16017945580322) (369.4151029153296,-33.20675382855106) (367.1951927847093,-31.10842212347146) (365.1346105227133,-28.87676009948336) (363.2394545978894,-26.52337079490576) (361.5150862626883,-24.05984809178659) (359.9661820344513,-21.4977497869657) (358.5967832426903,-18.84857924661293) (357.4103418393942,-16.1237747032601) (356.4097618164312,-13.33470525476844) (355.5974357018588,-10.4926726376064) (354.9752757160844,-7.608917867382104) (354.54473926116,-4.694631863615427) (354.3068484941219,-1.760969199785052) (354.2622038007428,1.180935859000556) (354.4109910420977,4.119951851955136) (354.7529824957351,7.04493196346499) (355.2875314591043,9.944696017579474) (356.0135605281219,12.80801344026065) (356.9295436115492,15.62358801668989) (358.0334817951731,18.38004529136231) (359.3228732317906,21.0659234851604) (360.7946773065518,23.6696688343651) (362.4452734152727,26.17963628918119) (364.2704147983579,28.58409654072454) (366.2651779974016,30.87125037160808) (368.4239086468997,33.02925134160819) (370.7401644810208,35.04623782080841) (373.2066566249724,36.91037536176441) (375.8151904510778,38.60991035246184) (378.556607508347,40.13323580546603) (381.4207302766443,41.46897000749527) (384.396311745275,42.60604856970747) (387.4709920618396,43.53383017448357) (390.6312647279119,44.24221600311125) (393.8624550186687,44.72178244577356) (397.1487134559276,44.96392623909765) (400.4730272479753,44.96102064926572) (403.8172526029804,44.70658072762285) (407.1621707031082,44.19543502386477) (410.4875698718513,43.42390046926221) (413.7723560585303,42.38995646619082) (416.9946931874176,41.09341357503581) (420.132174168001,39.53607161641662) (423.1620224410702,37.72186155191162) (426.0613228584793,35.6569652189653) (428.8072794926907,33.34990692344945) (431.377496690235,30.8116110800579) (433.7502783805098,28.0554205698345) (435.904939399454,25.09707127510273) (437.8221214669219,21.9546193555484) (439.4841055508875,18.64831922286339) (440.8751117410224,15.20045180966645) (441.9815775083273,11.63510454104198) (442.7924053971075,7.97790631386124) (443.2991718066992,4.255722662928747) (443.4962895684909,0.4963180313061457) (443.3811184726395,-3.272006449224136) (442.9540196802655,-7.020790120246602) (442.2183519756981,-10.72179464623059) (441.1804099541238,-14.34738006230236) (439.8493063770137,-17.8708648002812) (438.2368029352865,-21.26686021648675) (436.3570954236842,-24.51157131577156) (434.2265607550632,-27.58305688142718) (431.8634742635642,-30.461443978651) (429.2877063259219,-33.12909368701912) (426.5204074678487,-35.57071682078913) (423.5836908449163,-37.77344020858254) (420.5003203470293,-39.72682573605653) (417.2934116430687,-41.42284573735446) (413.9861523388756,-42.85581940852717) (410.6015461516982,-44.02231568800676) (407.1621846882546,-44.92102850728293) (403.69004912336,-45.55263047964922) (400.2063428706234,-45.9196110012042) (396.7313552604404,-46.02610443039782) (393.2843553227493,-45.87771353923677) (389.8835140279891,-45.48133284020196) (386.5458527720867,-44.84497573459407) (383.2872154930537,-43.97760874152448) (380.1222615630188,-42.88899538675423) (377.0644764907353,-41.58955168400735) (374.1261974734064,-40.09021454800893) (371.3186509300916,-38.40232395102169) (368.6519993095467,-36.53751918000864) (366.135394672783,-34.50764917136939) (363.7770367867025,-32.32469659257811) (361.5842337148276,-30.00071509995621) (359.5634631421087,-27.54777902245257) (357.7204329135733,-24.97794459477927) (356.0601394944474,-22.30322178111822) (354.5869232676108,-19.5355556845829) (353.3045197703379,-16.68681651968041) (352.2161061350351,-13.76879712786746) (351.3243421384092,-10.79321703335057) (350.6314053812944,-7.771732061780767) (350.139020219146,-4.715948573547564) (349.8484801434644,-1.63744139184638) (349.7606633799057,1.452225469761913) (349.8760415227318,4.54147615762588) (350.1946810708368,7.618699274085827) (350.7162377712964,10.67222398799862) (351.4399437158601,13.69029683983081) (352.3645871776639,16.66106014405477) (353.4884852234741,19.57253292495722) (354.8094491948845,22.4125953651606) (356.3247432238448,25.16897779752361) (358.0310360377561,27.82925532817484) (359.9243464207159,30.38084923794753) (361.9999828340349,32.81103636709474) (364.2524778639843,35.10696773844586) (366.6755183602872,37.25569771049544) (369.2618723567568,39.24422496639076) (372.003314125821,41.05954662817351) (374.8905490097467,42.68872672766429) (377.9131399892903,44.11898015455225) (381.0594382882779,45.33777302671902) (384.3165206599365,46.33294017545208) (387.6701363434323,47.09282009771977) (391.1046669983227,47.60640728956994) (394.6031031975514,47.86352133252126) (398.147041258822,47.85499145666125) (401.7167042887326,47.57285455460672) (405.2909912706137,47.01056378184838) (408.8475578116585,46.16320397349217) (412.3629317457575,45.02770916797307) (415.812666138956,43.60307659932647) (419.1715313470704,41.89057065676242) (422.4137466255693,39.89390957865756) (425.5132504032326,37.61942711962251) (428.4440067371395,35.07620117749146) (431.1803437235146,32.27614146189291) (433.6973178267214,29.23402878544452) (435.9710963079109,25.96749950169031) (437.9793483025033,22.4969700126835) (439.7016337373244,18.84549810223464) (441.1197783174729,15.0385800597838) (442.2182223598246,11.10388504827917) (442.9843313882947,7.07093080667039) (443.4086571818635,2.970707406556228) (443.4851393799631,-1.164741767219127) (443.2112397508592,-5.302770543262142) (442.5880037168799,-9.410599129989158) (441.6200465625225,-13.4557880859738) (440.3154647527204,-17.40670298338096) (438.6856757681091,-21.23295610787287) (436.7451926327618,-24.90581267857652) (434.5113416977711,-28.39855081534171) (432.0039341152233,-31.68676669810826) (429.2449027010001,-34.74861889423566) (426.2579165012896,-37.56500850155548) (423.0679853570023,-40.11969439677692) (419.7010661582997,-42.39934533638852) (416.1836813893073,-44.39353280575418) (412.5425590966994,-46.09467026127646) (408.804301701879,-47.49790570993841) (404.9950892417077,-48.60097540602226) (401.1404207830567,-49.40402683572245) (397.2648960101473,-49.90941915151515) (393.3920374068247,-50.12150887240904) (389.5441521006172,-50.04642805670144) (385.7422313308785,-49.69186135609112) (382.0058846581845,-49.06682744641947) (378.3533054380172,-48.18146936591316) (374.8012637180952,-47.04685733077943) (371.3651225559643,-45.67480668336333) (368.0588737579267,-44.07771279065443) (364.8951891767521,-42.26840397078107) (361.8854839397717,-40.26001289262663) (359.0399882795887,-38.06586637143414) (356.3678249795567,-35.69939306762646) (353.8770898026007,-33.17404827918438) (351.5749326267696,-30.50325478905768) (349.4676373504612,-27.70035857592501) (347.5606989447826,-24.77859810637386) (345.8588963137383,